File	Clade	N taxa (informative)	p(A)	p(C)	p(G)	p(T|U)	p(AT)	p(Purine)	p(Pyrimidine)	csRCFV (A)	csRCFV (C)	csRCFV (G)	csRCFV (T|U)	csRCFV (AT)	csRCFV (Purine)	csRCFV (Pyrimidine)	Skew (A-G)	Skew (C-T)	Skew (A-T)	Skew (G-C)	Chi-square value	Degrees of freedom	p-value	RCFV Value	c-value	Mean p-distances	Mean ti/tv	Std. Deviation p-distances	Std. Deviation ti/tv	p(Sites)	p(Gap)	p(Ambiguity)	csRCFV (Gap)	csRCFV (Ambiguity)	p_uninformative sites	p_inv(State)	p_inv(Class)
Matrix_original_supermatrix_mod.fas	0 All_Taxa	40	0.2347	0.2878	0.2817	0.1958	0.4305	0.5164	0.4836	0.0137	0.0154	0.0123	0.0142	0.0278	0.0033	0.0033	-0.09	0.19	0.09	-0.01	6213.99917	117	0	0.0554	1.66542303896331	0.559894265474532	1.05318522865672	0.140775839050729	0.234451325684476	0.6764	0.1917	0.1319	0.0333	0.1224	0.3236	0.0120	0.0176
locus_0001	0 All_Taxa	37	0.2114	0.236	0.3401	0.2125	0.4239	0.5515	0.4485	0.0165	0.0184	0.0163	0.0148	0.0279	0.0114	0.0114	-0.23	0.05	-0.00	0.18	63.06754	108	0.99982	0.0659	1262.76777529773	0.801386001386001	4.32530606972129	0.0613329101460955	77.4492224977206	0.9967	0.0033	0	0.0055	0.0000	0.0781	0.3077	0.5179
locus_0002	0 All_Taxa	27	0.2828	0.2677	0.3361	0.1134	0.3962	0.6189	0.3811	0.0105	0.0130	0.0119	0.0105	0.0187	0.0071	0.0071	-0.09	0.40	0.43	0.11	41.04184	78	0.99982	0.0459	2411.99926756092	0.825875649405061	38.8968143940004	0.133832786574986	322.804583194505	0.8675	0.1325	0	0.0304	0.0000	0.4145	0.1863	0.2892
locus_0003	0 All_Taxa	40	0.2743	0.2404	0.2946	0.1908	0.4651	0.5688	0.4312	0.0223	0.0225	0.0195	0.0188	0.0378	0.0119	0.0119	-0.04	0.12	0.18	0.10	91.5324399999998	117	0.96073	0.0835	3058.39921415731	0.813834672789897	11.7122710773062	0.0596135891869868	182.322154322577	0.9986	0	0.0014	0.0000	0.0027	0.0014	0.3682	0.5970
locus_0004	0 All_Taxa	37	0.2401	0.2437	0.3263	0.1899	0.43	0.5664	0.4336	0.0198	0.0201	0.0201	0.0192	0.0337	0.0089	0.0089	-0.15	0.12	0.12	0.14	99.46087	108	0.70941	0.0791	11.473984527787	0.766449548139689	1.37960271064759	0.0694488598901653	0.796855143852205	0.9947	0.0004	0.0049	0.0007	0.0081	0.0799	0.2254	0.4319
locus_0005	0 All_Taxa	35	0.2334	0.3169	0.2745	0.1751	0.4085	0.508	0.492	0.0198	0.0241	0.0172	0.0239	0.0352	0.0167	0.0167	-0.08	0.29	0.14	-0.07	100.28563	102	0.52951	0.0848	10.5387746369343	0.781753932342168	1.45790446829346	0.0655970987913881	0.691313040999154	0.8844	0.1059	0.0097	0.0029	0.0148	0.2262	0.1795	0.3026
locus_0006	0 All_Taxa	38	0.2203	0.2455	0.2573	0.2769	0.4972	0.4775	0.5225	0.0190	0.0234	0.0199	0.0222	0.0367	0.0103	0.0103	-0.08	-0.06	-0.11	0.02	110.73615	111	0.48922	0.0843	8.00687858508794	0.76313226455474	1.19893745735391	0.0552667606733743	0.442514242502821	0.9999	0	0.0001	0.0000	0.0002	0.0501	0.3649	0.5541
locus_0007	0 All_Taxa	39	0.2448	0.3145	0.2592	0.1815	0.4263	0.504	0.496	0.0192	0.0259	0.0242	0.0224	0.0387	0.0137	0.0137	-0.03	0.27	0.15	-0.10	137.94144	114	0.062997	0.0917	4.46343504790039	0.728624632541401	0.793360545486157	0.0656505307372647	0.293026879805969	1.0000	0	0	0.0000	0.0000	0.0250	0.2519	0.4302
locus_0008	0 All_Taxa	34	0.2422	0.288	0.2977	0.1721	0.4143	0.54	0.46	0.0272	0.0254	0.0232	0.0208	0.0456	0.0126	0.0126	-0.10	0.25	0.17	0.02	168.74344	99	0.000015759	0.0967	5.00465097706573	0.739258965838486	1.14112016452164	0.100149410932923	0.501212847278012	0.9679	0.032	0.0001	0.0385	0.0002	0.1773	0.2058	0.3128
locus_0009	0 All_Taxa	40	0.2879	0.2447	0.2962	0.1713	0.4592	0.5841	0.4159	0.0304	0.0306	0.0230	0.0220	0.0488	0.0138	0.0138	-0.01	0.18	0.25	0.10	211.95136	117	0.00000019942	0.1062	5.92964442126118	0.75300321492982	0.97803337976354	0.0792092890530206	0.469682918945309	0.9146	0.0853	0.0001	0.0247	0.0002	0.0854	0.2232	0.3609
locus_0010	0 All_Taxa	35	0.294	0.2561	0.3245	0.1254	0.4194	0.6185	0.3815	0.0316	0.0273	0.0277	0.0253	0.0479	0.0224	0.0224	-0.05	0.34	0.40	0.12	360.08876	102	0.000000000000000000000000000012351	0.1119	2.04172231373314	0.628590746643485	0.971532550268021	0.214793485910046	0.438548653027066	0.6036	0.2895	0.107	0.0497	0.1390	0.4719	0.0000	0.0000
locus_0011	0 All_Taxa	27	0.1862	0.3494	0.2501	0.2142	0.4005	0.4364	0.5636	0.0154	0.0152	0.0184	0.0134	0.0267	0.0092	0.0092	-0.15	0.24	-0.07	-0.17	125.54769	78	0.00052025	0.0624	4.75651140121391	0.732893852115263	0.948794133877887	0.0740432005332426	0.352187327518736	0.8686	0.1308	0.0006	0.0086	0.0007	0.4137	0.2360	0.3990
locus_0012	0 All_Taxa	34	0.3047	0.217	0.2589	0.2193	0.5241	0.5636	0.4364	0.0289	0.0193	0.0236	0.0169	0.0400	0.0137	0.0137	0.08	-0.01	0.16	0.09	92.65136	99	0.66040	0.089	929.441976910965	0.708019105077929	4.82569186133211	0.090794193012651	84.3879342457141	0.9825	0.0008	0.0168	0.0013	0.0257	0.1649	0.1667	0.3333
locus_0013	0 All_Taxa	33	0.1788	0.2706	0.3373	0.2134	0.3921	0.516	0.484	0.0213	0.0212	0.0232	0.0234	0.0385	0.0160	0.0160	-0.31	0.12	-0.09	0.11	122.0144	96	0.037736	0.0894	5.07548243999328	0.693646019013666	1.04711030399757	0.0689700891463979	0.350056476347314	0.9997	0	0.0003	0.0000	0.0005	0.1752	0.1716	0.3627
locus_0014	0 All_Taxa	36	0.3252	0.2177	0.275	0.1821	0.5073	0.6002	0.3998	0.0183	0.0194	0.0185	0.0158	0.0316	0.0118	0.0118	0.08	0.09	0.28	0.12	114.1162	105	0.25536	0.0717	1105.241841301	0.755327919281408	6.12847260473818	0.108093939291152	119.469944495632	0.9597	0.0262	0.0141	0.0071	0.0238	0.1362	0.2674	0.3798
locus_0015	0 All_Taxa	33	0.2342	0.3455	0.2837	0.1366	0.3708	0.5179	0.4821	0.0205	0.0226	0.0168	0.0151	0.0336	0.0139	0.0139	-0.10	0.43	0.26	-0.10	128.77323	96	0.014392	0.0748	3474.82849639863	0.791619199513936	18.1324212347093	0.112704254526216	391.627955293061	0.7339	0.2661	0	0.0402	0.0000	0.3945	0.0602	0.0977
locus_0016	0 All_Taxa	34	0.2675	0.234	0.3427	0.1558	0.4233	0.6102	0.3898	0.0232	0.0189	0.0222	0.0135	0.0337	0.0135	0.0135	-0.12	0.20	0.26	0.19	135.20349	99	0.0091646	0.0777	3.48986111614861	0.684963825102233	1.30522736202256	0.141701808195637	0.494519630509901	0.9432	0.0568	0	0.0643	0.0000	0.1983	0.0948	0.1699
locus_0017	0 All_Taxa	39	0.2296	0.2826	0.2922	0.1956	0.4252	0.5218	0.4782	0.0205	0.0295	0.0189	0.0266	0.0467	0.0074	0.0074	-0.12	0.18	0.08	0.02	274.98462	114	0.0000000000000039130	0.0957	2.27976185384364	0.715187117663898	1.18973561815823	0.189839709533987	0.432789328140339	0.8805	0.0601	0.0594	0.0090	0.1004	0.1415	0.0000	0.0000
locus_0018	0 All_Taxa	39	0.2558	0.3217	0.2333	0.1891	0.4449	0.4892	0.5108	0.0267	0.0244	0.0250	0.0230	0.0458	0.0082	0.0082	0.05	0.26	0.15	-0.16	355.37998	114	0.000000000000000000000000052563	0.0992	5.45458341065304	0.686916632470172	1.25103408123811	0.135232684801557	0.737637959096643	0.5486	0.4514	0	0.1316	0.0000	0.4651	0.0272	0.0387
locus_0019	0 All_Taxa	37	0.2483	0.2775	0.286	0.1883	0.4366	0.5343	0.4657	0.0305	0.0320	0.0236	0.0249	0.0548	0.0113	0.0113	-0.07	0.19	0.14	0.02	555.18483	108	0.00000000000000000000000000000000000000000000000000000000029921	0.1109	3.05656483610993	0.648614426392204	1.20879112069144	0.177199866807617	0.541622881847525	0.6950	0.305	0	0.1250	0.0000	0.3571	0.0000	0.0000
locus_0020	0 All_Taxa	35	0.1571	0.2298	0.2797	0.3333	0.4904	0.4368	0.5632	0.0218	0.0207	0.0249	0.0218	0.0407	0.0106	0.0106	-0.28	-0.18	-0.36	0.10	107.00223	102	0.34778	0.0891	6.80303935595973	0.718390804597701	1.19429688397147	0.0654101144592201	0.444987582943905	0.9867	0	0.0133	0.0000	0.0149	0.1366	0.2644	0.4195
locus_0021	0 All_Taxa	32	0.2747	0.2643	0.2576	0.2034	0.4781	0.5323	0.4677	0.0201	0.0252	0.0174	0.0227	0.0405	0.0117	0.0117	0.03	0.13	0.15	-0.01	118.48979	93	0.038437	0.0854	2.10019214881037	0.617447516641065	0.991634974561351	0.22140770660709	0.464998727102321	0.7385	0.2597	0.0019	0.1445	0.0019	0.4092	0.1786	0.2540
locus_0022	0 All_Taxa	31	0.2264	0.269	0.3078	0.1968	0.4232	0.5342	0.4658	0.0168	0.0205	0.0225	0.0239	0.0392	0.0131	0.0131	-0.15	0.16	0.07	0.07	202.9178	90	0.00000000010731	0.0837	1494.24307512326	0.696175834592257	9.70678970722097	0.124106279481326	185.444948694283	0.9578	0.0159	0.0263	0.0012	0.0357	0.2577	0.1129	0.2011
locus_0023	0 All_Taxa	38	0.2266	0.25	0.3042	0.2193	0.4458	0.5308	0.4692	0.0147	0.0224	0.0157	0.0242	0.0356	0.0087	0.0087	-0.15	0.07	0.02	0.10	180.51013	111	0.000034839	0.0772	3820.0184797365	0.806777303619409	6.82255443433165	0.0394816451756871	150.820614181525	0.9929	0.0067	0.0004	0.0003	0.0007	0.0567	0.4622	0.6156
locus_0024	0 All_Taxa	35	0.1948	0.3132	0.3067	0.1853	0.3801	0.5015	0.4985	0.0251	0.0229	0.0306	0.0229	0.0459	0.0195	0.0195	-0.22	0.26	0.02	-0.01	212.56647	102	0.0000000010624	0.1014	3.39737417699917	0.60762474481318	0.982117293179245	0.174911484233749	0.594239759796338	0.7896	0.2104	0	0.1484	0.0000	0.3091	0.0000	0.0000
locus_0025	0 All_Taxa	35	0.2247	0.3478	0.2331	0.1944	0.4191	0.4579	0.5421	0.0172	0.0227	0.0123	0.0176	0.0331	0.0083	0.0083	-0.02	0.28	0.07	-0.20	183.53822	102	0.0000014286	0.0699	4.62479365134983	0.800024649859944	1.20662726258527	0.0904256186470967	0.418199827038473	0.6101	0.3891	0.0007	0.0290	0.0009	0.4661	0.1080	0.1787
locus_0026	0 All_Taxa	31	0.2336	0.3143	0.2856	0.1664	0.4001	0.5192	0.4808	0.0163	0.0172	0.0178	0.0169	0.0277	0.0141	0.0141	-0.10	0.31	0.17	-0.05	177.47485	90	0.00000011031	0.0683	1222.45018838895	0.524665196982649	58.8922042289416	0.232206489288655	283.860866576053	0.4712	0.5288	0	0.1516	0.0000	0.6348	0.0000	0.0000
locus_0027	0 All_Taxa	35	0.25	0.3058	0.2998	0.1443	0.3944	0.5499	0.4501	0.0264	0.0414	0.0325	0.0234	0.0460	0.0305	0.0305	-0.09	0.36	0.27	-0.01	530.37338	102	0.000000000000000000000000000000000000000000000000000000040942	0.1238	697.537013756798	0.692294073385562	5.99896741059227	0.101529344831544	70.8204760024793	0.4209	0.5791	0	0.1083	0.0000	0.6317	0.0000	0.0000
locus_0028	0 All_Taxa	35	0.1987	0.2913	0.2886	0.2214	0.4201	0.4872	0.5128	0.0249	0.0265	0.0247	0.0258	0.0509	0.0074	0.0074	-0.18	0.14	-0.05	-0.00	892.39933	102	0.00000000000000000000000000000000000000000000000000000000000000000000000000000000000000000000000000000000000000000047027	0.1019	2.5451332674556	0.610852713178295	1.36132554498376	0.207810656972175	0.528905816391688	0.8012	0.1988	0	0.1551	0.0000	0.2989	0.0000	0.0000
locus_0029	0 All_Taxa	28	0.1784	0.3817	0.2241	0.2158	0.3942	0.4025	0.5975	0.0125	0.0151	0.0143	0.0165	0.0226	0.0142	0.0142	-0.11	0.28	-0.09	-0.26	57.27491	81	0.97890	0.0584	8732.53074818971	0.755703476133584	88.9030308693453	0.0979839941721413	855.648241938665	0.8738	0.1262	0	0.0388	0.0000	0.3883	0.2473	0.3548
locus_0030	0 All_Taxa	39	0.2346	0.2772	0.2683	0.2198	0.4545	0.5029	0.4971	0.0127	0.0252	0.0123	0.0235	0.0341	0.0071	0.0071	-0.07	0.12	0.03	-0.02	80.51479	114	0.99255	0.074	2757.27809859153	0.877366493155967	5.7772924976559	0.0399484122461509	110.148882159818	0.9825	0.0143	0.0032	0.0000	0.0061	0.0420	0.5286	0.6952
locus_0031	0 All_Taxa	33	0.2382	0.308	0.2334	0.2204	0.4586	0.4716	0.5284	0.0155	0.0140	0.0182	0.0160	0.0281	0.0100	0.0100	0.01	0.17	0.04	-0.14	72.15087	96	0.96708	0.0636	7.00458396852234	0.784785353535354	1.35160680792031	0.0676561440796394	0.47390314219228	0.9971	0	0.0029	0.0000	0.0035	0.1774	0.3238	0.5429
locus_0032	0 All_Taxa	32	0.2751	0.3289	0.2302	0.1658	0.4409	0.5053	0.4947	0.0121	0.0166	0.0141	0.0131	0.0227	0.0102	0.0102	0.09	0.33	0.25	-0.18	63.11924	93	0.99250	0.0562	10.9444687318269	0.824282667134175	1.40873827428596	0.090708004296253	0.992750916746762	0.7103	0.2751	0.0146	0.0226	0.0212	0.4318	0.1957	0.2971
locus_0033	0 All_Taxa	34	0.2342	0.3005	0.2202	0.2452	0.4793	0.4543	0.5457	0.0182	0.0214	0.0185	0.0222	0.0364	0.0142	0.0142	0.03	0.10	-0.02	-0.15	104.05475	99	0.34440	0.0804	4.19451618628881	0.692392022963688	1.14934443510686	0.100477007845723	0.421452435758753	0.9388	0.0406	0.0206	0.0034	0.0285	0.2020	0.0892	0.1737
locus_0034	0 All_Taxa	39	0.2442	0.3823	0.1858	0.1878	0.432	0.4299	0.5701	0.0214	0.0302	0.0169	0.0221	0.0427	0.0119	0.0119	0.14	0.34	0.13	-0.35	125.04588	114	0.22565	0.0908	4.31675684934709	0.782819519661625	1.05509856713823	0.0896049228859228	0.386802664603025	0.9083	0.0916	0.0001	0.0252	0.0002	0.1144	0.1688	0.2641
locus_0035	0 All_Taxa	38	0.2418	0.2961	0.2585	0.2035	0.4454	0.5003	0.4997	0.0292	0.0250	0.0243	0.0183	0.0403	0.0159	0.0159	-0.03	0.19	0.09	-0.07	159.88352	111	0.0016648	0.0971	6.77783095975059	0.783783783783784	1.16080283160812	0.0685700864837467	0.464756455082314	0.7138	0.2862	0	0.0154	0.0000	0.3219	0.1012	0.2083
locus_0036	0 All_Taxa	36	0.2346	0.2741	0.2805	0.2108	0.4454	0.5151	0.4849	0.0157	0.0204	0.0143	0.0198	0.0328	0.0081	0.0081	-0.09	0.13	0.05	0.01	99.4655100000001	105	0.63414	0.0704	9.5734556718006	0.814471879286694	1.23403925690795	0.0423739714261009	0.405665337085923	0.9632	0.0368	0	0.0004	0.0000	0.1331	0.4691	0.6420
locus_0037	0 All_Taxa	37	0.2258	0.337	0.2448	0.1924	0.4182	0.4706	0.5294	0.0212	0.0305	0.0186	0.0271	0.0470	0.0113	0.0113	-0.04	0.27	0.08	-0.16	210.19298	108	0.000000016544	0.0971	3.60094021844384	0.64641156307823	1.36278043188495	0.195465346219781	0.70385902651486	0.7777	0.0996	0.1227	0.0399	0.1657	0.2806	0.0606	0.1010
locus_0038	0 All_Taxa	39	0.2838	0.2412	0.2751	0.1999	0.4837	0.5589	0.4411	0.0204	0.0251	0.0161	0.0197	0.0355	0.0128	0.0128	0.02	0.09	0.17	0.07	130.32485	114	0.14064	0.0813	272.807976410363	0.762490386429266	2.7620389916742	0.134482592357098	36.6879238833596	0.6615	0.3007	0.0378	0.0458	0.0622	0.3550	0.1210	0.2043
locus_0039	0 All_Taxa	38	0.2073	0.279	0.2959	0.2177	0.4251	0.5033	0.4967	0.0308	0.0295	0.0326	0.0287	0.0571	0.0143	0.0143	-0.18	0.12	-0.02	0.03	356.47018	111	0.0000000000000000000000000071106	0.1215	2.51374022437602	0.602674380491406	1.04664858783915	0.125112908640381	0.314501351038007	0.8325	0.1674	0.0001	0.0874	0.0001	0.2091	0.0000	0.0000
locus_0040	0 All_Taxa	36	0.2885	0.3085	0.227	0.176	0.4645	0.5155	0.4845	0.0255	0.0339	0.0211	0.0210	0.0404	0.0279	0.0279	0.12	0.27	0.24	-0.15	235.05771	105	0.0000000000076748	0.1015	3.7729046096239	0.593310657596372	1.19471739964454	0.15909839527766	0.600263068926848	0.5335	0.4087	0.0578	0.0703	0.0876	0.5199	0.0333	0.0683
locus_0041	0 All_Taxa	34	0.192	0.3883	0.2267	0.1929	0.3849	0.4187	0.5813	0.0187	0.0350	0.0263	0.0214	0.0387	0.0254	0.0254	-0.08	0.34	-0.00	-0.26	178.64498	99	0.0000016601	0.1011	2524.3680345876	0.500464676935265	76.1065280049022	0.252074521717636	636.328864957958	0.5371	0.1943	0.2685	0.0733	0.2346	0.5434	0.0000	0.0000
locus_0042	0 All_Taxa	34	0.2163	0.2651	0.3554	0.1632	0.3795	0.5717	0.4283	0.0253	0.0267	0.0203	0.0150	0.0345	0.0224	0.0224	-0.24	0.24	0.14	0.15	241.81998	99	0.000000000000058859	0.0874	4.10860825091902	0.530694647004807	1.10245499436504	0.245051707022605	1.00682146537487	0.5349	0.2486	0.2165	0.0838	0.2231	0.5453	0.0000	0.0000
locus_0043	0 All_Taxa	34	0.2029	0.2731	0.291	0.233	0.4359	0.4939	0.5061	0.0156	0.0176	0.0178	0.0177	0.0318	0.0069	0.0070	-0.18	0.08	-0.07	0.03	245.13457	99	0.000000000000021531	0.0684	251.521060243043	0.630657183365395	2.77438356886734	0.167696052605514	42.1790889499119	0.7316	0.2683	0.0001	0.1047	0.0002	0.3781	0.0000	0.0000
locus_0044	0 All_Taxa	35	0.1845	0.3171	0.3139	0.1844	0.3689	0.4985	0.5015	0.0170	0.0195	0.0149	0.0168	0.0321	0.0081	0.0081	-0.26	0.26	0.00	-0.01	289.11244	102	0.00000000000000000019050	0.0679	2.3916404906631	0.640935922391556	0.868478045245157	0.158302539402672	0.378602763010222	0.6614	0.3384	0.0002	0.1419	0.0003	0.4213	0.0000	0.0000
locus_0045	0 All_Taxa	39	0.3157	0.2878	0.2693	0.1271	0.4429	0.5851	0.4149	0.0232	0.0184	0.0240	0.0189	0.0377	0.0116	0.0116	0.08	0.39	0.43	-0.03	108.42966	114	0.62965	0.0844	380.627725854439	0.7510484233744	2.61765514366472	0.0964096494359408	36.6961856152258	0.9868	0	0.0132	0.0000	0.0245	0.0379	0.1613	0.2903
locus_0046	0 All_Taxa	34	0.225	0.2451	0.3473	0.1826	0.4076	0.5723	0.4277	0.0140	0.0151	0.0136	0.0143	0.0242	0.0091	0.0091	-0.21	0.15	0.10	0.17	57.21303	99	0.99975	0.0567	7.12496423814662	0.772240047534165	0.994613794281356	0.0544868812507018	0.388217080359392	0.9563	0.0424	0.0013	0.0056	0.0021	0.1871	0.2489	0.4089
locus_0047	0 All_Taxa	37	0.2247	0.2974	0.2884	0.1895	0.4142	0.5131	0.4869	0.0309	0.0349	0.0233	0.0247	0.0533	0.0180	0.0180	-0.12	0.22	0.08	-0.02	291.04478	108	0.0000000000000000020109	0.1137	2635.39414731646	0.726356791574183	10.0722979978512	0.0882047640232874	232.454318872401	0.7545	0.2452	0.0003	0.0363	0.0005	0.3021	0.0700	0.1039
locus_0048	0 All_Taxa	37	0.205	0.2811	0.3222	0.1917	0.3967	0.5272	0.4728	0.0261	0.0241	0.0247	0.0208	0.0400	0.0142	0.0142	-0.22	0.19	0.03	0.07	205.89603	108	0.000000047667	0.0955	3.99264759610277	0.751005907868653	0.963483254460976	0.115644991134118	0.461729695852961	0.6798	0.3201	0.0001	0.0502	0.0001	0.3712	0.0458	0.0806
locus_0049	0 All_Taxa	40	0.2168	0.2879	0.3181	0.1772	0.394	0.5349	0.4651	0.0135	0.0199	0.0143	0.0190	0.0324	0.0075	0.0075	-0.19	0.24	0.10	0.05	97.76168	117	0.90149	0.0665	15.3610191704369	0.861835748792271	1.1233058572532	0.0339305339051925	0.521207581780821	0.9968	0	0.0032	0.0000	0.0056	0.0032	0.5449	0.7043
locus_0050	0 All_Taxa	36	0.1508	0.3367	0.2691	0.2434	0.3942	0.4199	0.5801	0.0207	0.0204	0.0202	0.0202	0.0382	0.0088	0.0088	-0.28	0.16	-0.23	-0.11	171.54538	105	0.000046078	0.0813	2.77332719855299	0.699681603221426	1.0011695938585	0.159964885706786	0.443634968344048	0.9474	0.0079	0.0447	0.0015	0.0708	0.1473	0.1091	0.1386
locus_0051	0 All_Taxa	34	0.2172	0.3421	0.2574	0.1833	0.4005	0.4746	0.5254	0.0191	0.0234	0.0197	0.0230	0.0395	0.0113	0.0113	-0.08	0.30	0.08	-0.14	181.41435	99	0.00000086232	0.085	3.13413275274201	0.657639226489494	1.1772385888509	0.213628568173887	0.669540292435158	0.6326	0.2799	0.0876	0.0463	0.1182	0.4623	0.0000	0.0000
locus_0052	0 All_Taxa	36	0.2914	0.248	0.2879	0.1728	0.4641	0.5792	0.4208	0.0303	0.0236	0.0347	0.0225	0.0507	0.0149	0.0149	0.01	0.18	0.26	0.07	255.265	105	0.000000000000024026	0.1114	1.67635475890974	0.564724075352095	1.07906647510104	0.148307899861874	0.248616653717363	0.5538	0.2106	0.2356	0.0493	0.1526	0.5016	0.0580	0.1031
locus_0053	0 All_Taxa	34	0.2227	0.3478	0.2753	0.1541	0.3768	0.498	0.502	0.0159	0.0220	0.0208	0.0221	0.0362	0.0112	0.0112	-0.11	0.39	0.18	-0.12	285.35029	99	0.000000000000000000057954	0.0808	533.774238518285	0.710245476681463	4.61215396768375	0.15811386279852	84.3971067144648	0.5891	0.4108	0.0001	0.1050	0.0002	0.4992	0.0000	0.0000
locus_0054	0 All_Taxa	32	0.2067	0.3063	0.3047	0.1823	0.389	0.5114	0.4886	0.0204	0.0232	0.0179	0.0193	0.0395	0.0064	0.0064	-0.19	0.25	0.06	-0.00	500.49733	93	0	0.081	3.99741317747621	0.75168343447248	0.993678297314697	0.0813741032137765	0.325285912492059	0.6980	0.302	0	0.0370	0.0000	0.4416	0.1196	0.1799
locus_0055	0 All_Taxa	37	0.2634	0.2837	0.2808	0.172	0.4354	0.5442	0.4558	0.0184	0.0205	0.0178	0.0173	0.0327	0.0092	0.0092	-0.03	0.25	0.21	-0.01	100.58848	108	0.68115	0.0741	7.91374346106281	0.796073851629407	1.33533247347124	0.0726995093218872	0.57532526651856	0.9891	0.0068	0.0041	0.0074	0.0068	0.0851	0.3657	0.5417
locus_0056	0 All_Taxa	40	0.2365	0.2378	0.3511	0.1746	0.4111	0.5876	0.4124	0.0249	0.0203	0.0235	0.0182	0.0391	0.0133	0.0133	-0.20	0.15	0.15	0.19	107.29822	117	0.72875	0.0869	9.01449299790732	0.800041356492969	1.11690574369878	0.0489417283475234	0.441184867494232	0.8161	0.1839	0	0.0082	0.0000	0.1839	0.2509	0.4014
locus_0057	0 All_Taxa	38	0.1817	0.3238	0.2653	0.2292	0.411	0.447	0.553	0.0218	0.0284	0.0176	0.0214	0.0406	0.0152	0.0152	-0.19	0.17	-0.12	-0.10	104.88567	111	0.64557	0.0892	427.71712534336	0.753725016882912	2.29720183495336	0.0881099897410449	37.6861515260726	0.9515	0.014	0.0346	0.0028	0.0491	0.0961	0.2879	0.3838
locus_0058	0 All_Taxa	37	0.2255	0.2674	0.2807	0.2263	0.4519	0.5063	0.4937	0.0222	0.0268	0.0155	0.0208	0.0384	0.0151	0.0151	-0.11	0.08	-0.00	0.02	141.50332	108	0.016876	0.0855	7.59721040564798	0.758091424758091	1.29487976219941	0.0799041767379616	0.607048842968377	0.9592	0.0367	0.0041	0.0024	0.0072	0.1128	0.1852	0.3745
locus_0059	0 All_Taxa	37	0.3027	0.2477	0.293	0.1567	0.4593	0.5957	0.4043	0.0242	0.0200	0.0184	0.0146	0.0312	0.0161	0.0161	0.02	0.23	0.32	0.08	91.6876	108	0.86985	0.077	424.562996270745	0.778660103402371	2.6987351904926	0.0911690564937096	38.7070077921462	0.7582	0.2293	0.0124	0.0101	0.0217	0.2986	0.0997	0.1615
locus_0060	0 All_Taxa	37	0.201	0.3246	0.2377	0.2368	0.4377	0.4386	0.5614	0.0193	0.0367	0.0119	0.0269	0.0447	0.0138	0.0138	-0.08	0.16	-0.08	-0.15	194.78074	108	0.00000066783	0.0947	1850.26403269702	0.841903014125236	5.80636759265266	0.0628009797215873	116.198393996988	0.9982	0	0.0018	0.0000	0.0032	0.0767	0.4852	0.6630
locus_0061	0 All_Taxa	36	0.1828	0.2815	0.2601	0.2756	0.4585	0.4429	0.5571	0.0200	0.0246	0.0232	0.0247	0.0429	0.0107	0.0107	-0.17	0.01	-0.20	-0.04	176.65059	105	0.000015784	0.0925	1616.06741321349	0.776269594026603	6.1348924364604	0.0739262765522988	119.469846516378	0.9220	0.0744	0.0035	0.0037	0.0060	0.1702	0.2305	0.3801
locus_0062	0 All_Taxa	35	0.1672	0.3117	0.2777	0.2433	0.4105	0.4449	0.5551	0.0190	0.0287	0.0163	0.0259	0.0437	0.0066	0.0066	-0.25	0.12	-0.19	-0.06	353.66722	102	0.00000000000000000000000000011056	0.09	3.57151135380103	0.721985937232036	1.08043461284812	0.119507042904851	0.42682076059386	0.9448	0.0166	0.0386	0.0039	0.0511	0.1733	0.1769	0.2653
locus_0063	0 All_Taxa	34	0.2349	0.285	0.2744	0.2057	0.4407	0.5093	0.4907	0.0200	0.0201	0.0197	0.0190	0.0371	0.0073	0.0073	-0.08	0.16	0.07	-0.02	415.65482	99	0	0.0786	2.05347335421746	0.60953085296014	1.17201856560197	0.16971086904084	0.348496747496454	0.8799	0.12	0.0001	0.0943	0.0001	0.2521	0.0000	0.0000
locus_0064	0 All_Taxa	40	0.2447	0.3219	0.2562	0.1773	0.422	0.5008	0.4992	0.0240	0.0258	0.0208	0.0204	0.0338	0.0156	0.0156	-0.02	0.29	0.16	-0.11	112.79414	117	0.59279	0.0907	6.02574635377008	0.75674564535324	0.920263346715883	0.0738654090788575	0.445094219426661	0.8265	0.1734	0.0001	0.0588	0.0002	0.1735	0.2996	0.4135
locus_0065	0 All_Taxa	30	0.2045	0.2363	0.361	0.1982	0.4027	0.5655	0.4345	0.0147	0.0166	0.0123	0.0163	0.0269	0.0109	0.0109	-0.28	0.09	0.02	0.21	77.68797	87	0.75232	0.0601	1670.11206061414	0.791139172197939	5.92908023433322	0.057379812237122	95.8307164529923	0.9728	0.0272	0	0.0014	0.0000	0.2704	0.3850	0.5728
locus_0066	0 All_Taxa	34	0.3232	0.1997	0.3524	0.1247	0.4479	0.6756	0.3244	0.0120	0.0162	0.0189	0.0170	0.0244	0.0154	0.0154	-0.04	0.23	0.44	0.28	57.80049	99	0.99969	0.0642	9.16142553109773	0.749084775650241	1.3360936631073	0.0824077709334011	0.754972656590114	0.8283	0.1467	0.025	0.0070	0.0304	0.2960	0.2043	0.2796
locus_0067	0 All_Taxa	38	0.3001	0.2771	0.266	0.1568	0.457	0.5661	0.4339	0.0346	0.0320	0.0277	0.0190	0.0511	0.0226	0.0226	0.06	0.28	0.31	-0.02	203.89857	111	0.00000020237	0.1132	986.056730155981	0.745344028238765	3.88840935115158	0.0764592975644579	75.3932049464325	0.9990	0	0.001	0.0000	0.0018	0.0509	0.2593	0.4213
locus_0068	0 All_Taxa	36	0.2426	0.283	0.289	0.1854	0.428	0.5316	0.4684	0.0177	0.0223	0.0162	0.0167	0.0289	0.0140	0.0140	-0.09	0.21	0.13	0.01	62.60113	105	0.99966	0.0723	693.576697742999	0.798124941984591	2.78661997131919	0.0573791885416139	39.7968681078654	0.9610	0.039	0	0.0070	0.0000	0.1351	0.3684	0.5380
locus_0069	0 All_Taxa	39	0.3014	0.2675	0.2723	0.1588	0.4602	0.5737	0.4263	0.0199	0.0159	0.0246	0.0195	0.0312	0.0177	0.0177	0.05	0.25	0.31	0.01	104.35835	114	0.73015	0.0798	3.92106160802444	0.692288133935731	1.27308008296216	0.143533444358214	0.562803478140505	0.8757	0.1237	0.0006	0.0925	0.0010	0.1462	0.1957	0.3116
locus_0070	0 All_Taxa	27	0.1667	0.4761	0.1718	0.1855	0.3521	0.3384	0.6616	0.0067	0.0112	0.0104	0.0086	0.0126	0.0090	0.0090	-0.02	0.44	-0.05	-0.47	37.18331	78	0.99998	0.0372	6.2701034184865	0.727883702242677	1.19000492398358	0.117363515598604	0.7358813803604	0.8318	0.1669	0.0014	0.0551	0.0014	0.4386	0.1538	0.2344
locus_0071	0 All_Taxa	39	0.3337	0.2119	0.3004	0.154	0.4877	0.6341	0.3659	0.0138	0.0177	0.0107	0.0144	0.0231	0.0125	0.0125	0.05	0.16	0.37	0.17	94.93609	114	0.90254	0.0563	888.296887271419	0.75557863958141	5.08853769513338	0.124024004541459	110.170137181114	0.8015	0.1985	0	0.0498	0.0000	0.2186	0.0000	0.0022
locus_0072	0 All_Taxa	39	0.1954	0.329	0.2557	0.2199	0.4153	0.4512	0.5488	0.0193	0.0295	0.0155	0.0256	0.0407	0.0143	0.0143	-0.13	0.20	-0.06	-0.13	137.41344	114	0.066903	0.09	450.378618523141	0.73643212217496	3.7153453289975	0.163053296243229	73.4357183076699	0.9649	0	0.0351	0.0000	0.0631	0.0592	0.1139	0.1603
locus_0073	0 All_Taxa	34	0.1751	0.3115	0.2402	0.2732	0.4483	0.4153	0.5847	0.0169	0.0317	0.0138	0.0235	0.0389	0.0131	0.0131	-0.16	0.07	-0.22	-0.13	205.01802	99	0.0000000021704	0.0861	9.91734599595581	0.77676724306179	1.12952270541092	0.0539812351651756	0.535350586422104	0.9903	0.0097	0.0001	0.0033	0.0001	0.1583	0.3747	0.5474
locus_0074	0 All_Taxa	37	0.2114	0.2976	0.2865	0.2046	0.416	0.4978	0.5022	0.0221	0.0261	0.0190	0.0220	0.0354	0.0117	0.0117	-0.15	0.19	0.02	-0.02	217.79764	108	0.0000000024246	0.0894	2.55386563079176	0.604056151960344	0.96324514642791	0.160647293808877	0.410271602338196	0.8147	0.1848	0.0005	0.1351	0.0008	0.2464	0.0479	0.0838
locus_0075	0 All_Taxa	39	0.3191	0.2486	0.2814	0.1509	0.47	0.6005	0.3995	0.0305	0.0376	0.0239	0.0283	0.0557	0.0236	0.0236	0.06	0.24	0.36	0.06	293.88663	114	0.000000000000000014442	0.1203	313.726814959163	0.622517413023089	2.30333366725804	0.116990217156076	36.7029682097567	0.6607	0.3393	0.0001	0.1267	0.0001	0.3558	0.0000	0.0000
locus_0076	0 All_Taxa	35	0.1918	0.2603	0.2957	0.2522	0.444	0.4875	0.5125	0.0146	0.0223	0.0158	0.0208	0.0336	0.0077	0.0077	-0.21	0.02	-0.14	0.06	208.17213	102	0.0000000033540	0.0737	3.50041242712613	0.696127339824819	0.970307541359894	0.0879483067946949	0.307855346048852	0.9818	0.0054	0.0128	0.0007	0.0204	0.1410	0.1323	0.2222
locus_0077	0 All_Taxa	38	0.2431	0.3013	0.2525	0.2031	0.4462	0.4956	0.5044	0.0225	0.0271	0.0223	0.0257	0.0470	0.0081	0.0081	-0.02	0.19	0.09	-0.09	328.08473	111	0.000000000000000000000076163	0.0972	2.09676000963135	0.601569908724514	1.1180112494855	0.215608429514399	0.452079132745212	0.8358	0.1642	0	0.1785	0.0000	0.2060	0.0000	0.0000
locus_0078	0 All_Taxa	36	0.2457	0.2883	0.2705	0.1954	0.4412	0.5163	0.4837	0.0170	0.0167	0.0170	0.0130	0.0267	0.0121	0.0121	-0.05	0.19	0.11	-0.03	210.94117	105	0.0000000048247	0.0635	1.93150307686323	0.611420828493999	0.986108213132301	0.149134010555053	0.288052800252039	0.5997	0.4002	0.0001	0.1494	0.0002	0.4603	0.0163	0.0252
locus_0079	0 All_Taxa	38	0.2684	0.2453	0.3248	0.1615	0.43	0.5932	0.4068	0.0229	0.0225	0.0287	0.0268	0.0471	0.0122	0.0122	-0.10	0.21	0.25	0.14	623.5935	111	0.000000000000000000000000000000000000000000000000000000000000000000026172	0.1009	272.948318905343	0.642427274006221	2.48859238144919	0.13803978768583	37.6777279908978	0.5461	0.4539	0	0.1447	0.0000	0.4812	0.0000	0.0000
locus_0080	0 All_Taxa	32	0.259	0.2797	0.2777	0.1836	0.4426	0.5367	0.4633	0.0185	0.0238	0.0122	0.0168	0.0315	0.0152	0.0152	-0.03	0.21	0.17	-0.00	84.7445099999999	93	0.71734	0.0712	738.564213429859	0.734169653524492	2.964322312071	0.060739213615749	44.8598095284638	0.9979	0.002	0.0002	0.0031	0.0003	0.2017	0.2487	0.4074
locus_0081	0 All_Taxa	36	0.2609	0.2989	0.24	0.2002	0.4611	0.5009	0.4991	0.0301	0.0226	0.0141	0.0206	0.0316	0.0261	0.0261	0.04	0.20	0.13	-0.11	111.8561	105	0.30531	0.0874	2620.00396037772	0.747308306038465	11.1319116178345	0.0912148469333745	238.983260210689	0.9888	0.0097	0.0015	0.0121	0.0026	0.1101	0.3598	0.5767
locus_0082	0 All_Taxa	40	0.2408	0.2774	0.2642	0.2177	0.4584	0.505	0.495	0.0256	0.0227	0.0220	0.0220	0.0391	0.0109	0.0109	-0.05	0.12	0.05	-0.02	143.05187	117	0.051142	0.0923	1816.29968691953	0.773235937189426	8.02519478793828	0.09853667962767	178.972140357827	0.9140	0.086	0	0.0163	0.0000	0.0860	0.2326	0.3527
locus_0083	0 All_Taxa	39	0.1789	0.323	0.2495	0.2486	0.4275	0.4284	0.5716	0.0167	0.0292	0.0201	0.0263	0.0385	0.0132	0.0132	-0.16	0.13	-0.16	-0.13	109.98918	114	0.58887	0.0923	6.00121984245404	0.764622625983345	1.33008521695635	0.105369739167998	0.632346969489198	0.8255	0.1745	0	0.0432	0.0000	0.1951	0.1057	0.1626
locus_0084	0 All_Taxa	34	0.255	0.2629	0.314	0.1681	0.4231	0.569	0.431	0.0225	0.0228	0.0213	0.0216	0.0385	0.0149	0.0149	-0.10	0.22	0.21	0.09	143.12809	99	0.0024852	0.0884	372.925375871146	0.664221399515517	3.09830494669782	0.113074274053983	42.1682661529385	0.9563	0.0026	0.0411	0.0041	0.0617	0.1872	0.0726	0.1453
locus_0085	0 All_Taxa	38	0.2089	0.317	0.2082	0.2658	0.4748	0.4171	0.5829	0.0166	0.0214	0.0171	0.0193	0.0310	0.0093	0.0093	0.00	0.09	-0.12	-0.21	84.85125	111	0.96922	0.0748	11.2509010567149	0.810959342348055	1.40782360552102	0.0444810612687257	0.500452019232104	0.9975	0	0.0025	0.0000	0.0045	0.0524	0.3735	0.5743
locus_0086	0 All_Taxa	32	0.2671	0.2367	0.3269	0.1693	0.4364	0.594	0.406	0.0225	0.0135	0.0281	0.0119	0.0284	0.0119	0.0119	-0.10	0.17	0.22	0.16	118.17234	93	0.040122	0.0761	3.34429197941574	0.695445570463412	1.18252520020275	0.0814148800423782	0.27227513033082	0.7790	0.221	0	0.0233	0.0000	0.3768	0.1593	0.2212
locus_0087	0 All_Taxa	32	0.1644	0.3769	0.1944	0.2644	0.4287	0.3587	0.6413	0.0208	0.0299	0.0216	0.0234	0.0372	0.0223	0.0223	-0.08	0.18	-0.23	-0.32	141.81519	93	0.00084016	0.0957	4.00439358043317	0.664566532258065	0.880180015705514	0.10403922109046	0.416613989047907	0.9401	0.0256	0.0343	0.0031	0.0444	0.2479	0.0602	0.1250
locus_0088	0 All_Taxa	28	0.2166	0.2974	0.2289	0.2571	0.4737	0.4455	0.5545	0.0117	0.0164	0.0111	0.0166	0.0255	0.0076	0.0076	-0.03	0.07	-0.09	-0.13	204.62125	81	0.0000000000011414	0.0557	1.8446612450521	0.565501897657375	0.897690411052837	0.16849245631261	0.310811504243505	0.8906	0.1082	0.0013	0.0921	0.0015	0.3766	0.0130	0.0342
locus_0089	0 All_Taxa	32	0.339	0.2184	0.2733	0.1693	0.5082	0.6123	0.3877	0.0183	0.0179	0.0131	0.0123	0.0231	0.0148	0.0148	0.11	0.13	0.33	0.11	155.49925	93	0.000052268	0.0615	2.37176723066371	0.670923727850977	0.997546028497015	0.101528538736589	0.240802061152613	0.6475	0.3525	0	0.0570	0.0000	0.4820	0.0552	0.0915
locus_0090	0 All_Taxa	39	0.2	0.3159	0.2736	0.2106	0.4106	0.4735	0.5265	0.0165	0.0307	0.0171	0.0260	0.0404	0.0125	0.0125	-0.16	0.20	-0.03	-0.07	433.11544	114	0.00000000000000000000000000000000000018488	0.0904	2.23820107978803	0.52035023036055	1.11306570405444	0.254391934375105	0.569380302207727	0.7226	0.2773	0.0001	0.2820	0.0001	0.2955	0.0000	0.0000
locus_0091	0 All_Taxa	34	0.186	0.2917	0.2825	0.2397	0.4258	0.4685	0.5315	0.0137	0.0190	0.0168	0.0179	0.0269	0.0111	0.0111	-0.21	0.10	-0.13	-0.02	71.68301	99	0.98244	0.0673	1214.53297111221	0.793037325122887	4.7461175598719	0.0694866536145631	84.3938318671404	0.9964	0	0.0036	0.0000	0.0057	0.1530	0.3384	0.4899
locus_0092	0 All_Taxa	31	0.2384	0.3077	0.2887	0.1653	0.4036	0.527	0.473	0.0159	0.0149	0.0164	0.0129	0.0257	0.0104	0.0104	-0.10	0.30	0.18	-0.03	65.37255	90	0.97644	0.0602	5.70767802613977	0.750977299880526	0.884255013884838	0.064022126102449	0.365417682341698	0.9864	0.0133	0.0003	0.0000	0.0004	0.2356	0.2533	0.4533
locus_0093	0 All_Taxa	38	0.225	0.3342	0.1999	0.2409	0.4659	0.4248	0.5752	0.0250	0.0299	0.0225	0.0291	0.0500	0.0111	0.0111	0.06	0.16	-0.03	-0.25	146.37338	111	0.013776	0.1063	9.10667061743686	0.74866402675791	1.39605170871489	0.0611517004642924	0.556888393824472	0.9953	0.0004	0.0044	0.0007	0.0079	0.0545	0.2477	0.4505
locus_0094	0 All_Taxa	38	0.2705	0.2871	0.2887	0.1538	0.4242	0.5592	0.4408	0.0218	0.0221	0.0191	0.0183	0.0387	0.0103	0.0103	-0.03	0.30	0.28	0.00	94.97843	111	0.86146	0.0811	1505.49400220574	0.802596171017224	8.29594138088314	0.125231632123552	188.535471048444	0.9683	0	0.0317	0.0000	0.0530	0.0801	0.0476	0.0563
locus_0095	0 All_Taxa	37	0.2705	0.3035	0.2542	0.1718	0.4423	0.5248	0.4752	0.0250	0.0203	0.0285	0.0235	0.0420	0.0141	0.0141	0.03	0.28	0.22	-0.09	139.31418	108	0.022860	0.0973	1107.74790278282	0.731483864817198	5.63267769284822	0.104902057585106	116.205034287505	0.7088	0.2906	0.0006	0.0536	0.0010	0.3444	0.1714	0.2444
locus_0096	0 All_Taxa	39	0.2585	0.2338	0.2991	0.2087	0.4671	0.5576	0.4424	0.0181	0.0243	0.0199	0.0208	0.0345	0.0149	0.0149	-0.07	0.06	0.11	0.12	62.3072	114	0.99998	0.0827	17.7816919739493	0.790243414804818	1.25869033245453	0.0524705490407839	0.93301514074722	0.9994	0.0006	0	0.0011	0.0000	0.0256	0.3926	0.5630
locus_0097	0 All_Taxa	30	0.2065	0.2638	0.3422	0.1875	0.394	0.5486	0.4514	0.0113	0.0106	0.0124	0.0107	0.0200	0.0076	0.0077	-0.25	0.17	0.05	0.13	62.11234	87	0.97994	0.0449	10.3027908973243	0.789130677379757	1.40387143406107	0.10678369403598	1.10017007089655	0.8427	0.1573	0	0.0316	0.0000	0.3680	0.1392	0.2233
locus_0098	0 All_Taxa	30	0.2345	0.2717	0.3621	0.1316	0.3662	0.5967	0.4033	0.0224	0.0182	0.0208	0.0125	0.0344	0.0089	0.0089	-0.21	0.35	0.28	0.14	124.93355	87	0.0048165	0.0738	3.28032566726803	0.656452186277995	1.23576598454456	0.165874873870593	0.544123606312555	0.9304	0.0134	0.0562	0.0079	0.0663	0.3022	0.0069	0.0172
locus_0099	0 All_Taxa	34	0.2111	0.2714	0.3495	0.168	0.3791	0.5606	0.4394	0.0197	0.0170	0.0224	0.0182	0.0340	0.0108	0.0108	-0.25	0.24	0.11	0.13	173.04964	99	0.0000060297	0.0773	2.82569246291241	0.665478312537136	0.944246975350742	0.20177506333234	0.570154275661869	0.8063	0.1078	0.0859	0.0189	0.1192	0.3146	0.0000	0.0000
locus_0100	0 All_Taxa	33	0.3737	0.1711	0.309	0.1461	0.5198	0.6828	0.3172	0.0206	0.0105	0.0143	0.0141	0.0212	0.0163	0.0163	0.09	0.08	0.44	0.29	85.93697	96	0.75951	0.0595	3.21389018619474	0.716496431981507	1.02882685996183	0.078312754300339	0.251688592499739	0.5456	0.4544	0	0.0497	0.0000	0.5499	0.0531	0.0978
